region_e_kanaud = { 
	provinces = { 1 2 3 4 5 6 7 8 9 12 11 14 15 17 13 19 18 20 21 23 25 22 24 26 27 28 30 29 31 41 35 37 43 47 32 40 39 34 33 36 45 38 44 51 42 54 48 50 55 46 49 53 56 52 58 63 57 62 64 68 66 61 59 67 65 69 72 71 80 73 60 70 74 75 77 81 78 86 83 79 76 85 88 97 92 89 96 84 95 90 93 99 91 101 94 98 113 104 108 82 87 100 106 102 105 120 122 117 114 103 109 110 112 107 111 115 116 119 125 121 118 124 126 128 131 123 129 136 127 142 139 137 132 135 138 160 130 140 143 141 144 147 149 145 133 134 150 151 146 148 153 156 152 155 154 161 157 159 162 158 163 169 165 166 168 164 167 170 172 171 175 174 173 177 180 178 179 181 185 176 183 182 187 184 186 189 188 190 191 192 193 197 196 195 194 198 200 202 201 199 204 203 208 207 205 206 209 212 213 211 210 214 215 216 218 217 219 222 224 226 225 227 230 236 235 237 247 253 229 233 240 243 249 239 241 231 232 238 242 234 246 256 245 254 244 255 250 257 263 260 259 258 262 269 266 261 272 275 271 279 273 274 284 287 277 283 294 289 316 302 282 291 286 298 301 308 304 288 295 303 311 281 285 299 305 300 309 293 317 314 306 322 325 318 326 312 327 328 315 329 323 335 336 332 333 341 321 331 339 342 330 347 343 346 353 362 349 354 375 359 367 344 357 348 356 340 355 365 369 363 372 360 364 391 380 378 366 382 386 393 381 406 385 384 377 389 383 392 395 388 371 408 426 248 251 264 265 252 267 270 276 280 268 278 292 290 310 307 297 320 313 319 334 337 351 350 345 352 338 361 370 324 358 373 368 374 376 387 396 398 394 390 379 402 412 400 425 397 405 403 421 410 401 415 409 420 411 407 404 413 417 423 416 399 428 424 419 418 446 414 427 422 429 441 435 448 437 443 433 438 432 436 444 447 434 445 457 451 430 442 450 467 452 431 439 449 453 458 456 461 463 472 440 459 455 469 464 465 473 489 474 475 460 466 454 477 468 470 476 493 488 484 485 487 486 481 495 513 492 491 478 494 496 480 462 471 482 490 499 498 504 501 503 509 505 508 479 483 497 502 506 507 511 500 510 512 514 516 518 524 520 515 526 519 533 523 522 532 529 535 528 537 525 538 540 530 543 559 541 542 562 549 551 550 553 558 557 521 536 539 547 548 554 561 568 563 569 556 567 580 571 570 578 576 583 581 585 586 582 594 593 604 591 597 601 592 599 606 611 614 615 627 616 637 628 630 641 650 663 655 661 673 672 675 700 699 702 701 716 723 736 748 750 774 777 839 883 875 908 913 924 955 959 }
}region_e_kaheka = { 
	provinces = { 10 16 }
}region_e_dakshina = { 
	provinces = { 220 221 223 }
}region_e_dakshina2 = { 
	provinces = { 228 }
}region_e_archipelago1 = { 
	provinces = { 296 }
}region_e_archipelago2 = { 
	provinces = { 517 }
}region_e_archipelago3 = { 
	provinces = { 527 531 534 546 544 545 566 565 552 560 555 564 575 572 574 573 577 579 587 584 589 595 590 588 602 612 600 620 609 613 610 626 629 631 622 635 646 648 617 625 639 645 667 642 659 658 674 683 656 666 665 668 688 695 676 689 678 697 692 653 679 704 709 685 693 694 713 714 708 715 720 728 729 740 737 758 762 798 788 799 802 844 836 853 754 768 781 773 785 794 772 787 797 808 815 782 800 795 818 810 813 816 833 842 805 812 825 823 831 843 872 834 858 865 852 882 861 857 859 871 870 878 890 888 887 837 840 855 877 903 886 891 898 895 904 910 906 919 939 921 938 928 905 922 932 943 946 931 942 945 951 }
}region_e_archipelago4 = { 
	provinces = { 640 }
}region_e_archipelago5 = { 
	provinces = { 727 735 743 741 756 760 757 746 752 792 771 763 786 826 819 829 822 850 862 827 860 832 874 849 868 873 899 866 880 912 923 941 }
}region_e_south_china = { 
	provinces = { 764 767 770 780 790 791 796 804 809 814 817 828 }
}region_e_archipelago6 = { 
	provinces = { 936 }
}region_e_archipelago7 = { 
	provinces = { 961 }
}region_e_archipelago8 = { 
	provinces = { 970 971 973 981 972 987 984 }
}region_e_archipelago9 = { 
	provinces = { 1031 }
}region_e_archipelago10 = { 
	provinces = { 1078 1082 }
}region_e_kaheka2 = { 
	provinces = { 1086 }
}region_e_kaheka3 = { 
	provinces = { 1150 }
}region_e_kaheka4 = { 
	provinces = { 1308 1327 1342 }
}region_e_kaheka5 = { 
	provinces = { 1339 }
}region_e_archipelago11 = { 
	provinces = { 1380 }
}region_e_archipelago12 = { 
	provinces = { 1508 }
}region_e_archipelago13 = { 
	provinces = { 1509 1518 1519 }
}region_e_archipelago14 = { 
	provinces = { 1520 1521 1522 1523 1524 1525 1526 1527 }
}region_e_kaheka6 = { 
	provinces = { 1528 1529 1530 1532 1533 1536 1542 }
}region_e_zealandia = { 
	provinces = { 1531 }
}region_e_zealandia2 = { 
	provinces = { 1534 1537 1540 1543 1539 1549 1541 1551 1548 1555 1553 1556 1552 1557 1559 1560 1558 1561 1562 1564 1563 1565 1567 1566 1571 1572 1574 1588 1573 1576 1579 1581 1582 1590 1577 1580 1583 1585 1586 1589 1591 1593 1594 1587 1595 1592 1596 1597 1598 1599 1600 1602 1603 }
}region_e_kaheka7 = { 
	provinces = { 1535 1538 1544 1545 1546 1547 1550 1554 }
}region_e_kaheka8 = { 
	provinces = { 1568 1569 1570 1575 1578 1584 }
}region_e_kaheka9 = { 
	provinces = { 1601 1604 1605 }
}region_e_zealandia3 = { 
	provinces = { 1606 }
}region_e_kaheka10 = { 
	provinces = { 1607 }
}region_e_kaheka11 = { 
	provinces = { 1608 1609 }
}region_e_kaheka12 = { 
	provinces = { 1610 }
}region_e_kaheka13 = { 
	provinces = { 1611 }
}region_e_kaheka14 = { 
	provinces = { 1612 1613 }
}region_e_kaheka15 = { 
	provinces = { 1614 1615 1617 1618 1619 1620 1622 1621 1623 1624 }
}region_e_kaheka16 = { 
	provinces = { 1616 }
}region_e_kaheka17 = { 
	provinces = { 1625 }
}region_e_kaheka18 = { 
	provinces = { 1626 1627 1628 1629 }
}region_e_kaheka19 = { 
	provinces = { 1630 }
}